0.0                  0.7621068189058617   0.8061558562490734   0.7731107948877474   0.8561596780576858   0.8541278769225639   0.8166109653417799   0.8146309678401142   0.8191368630927759   0.7711668860640445   0.8362354467596887   0.8038609814882312   0.7358654101439879   0.8218919096921669   0.7866184929864461   0.807791353555599    0.826201954178047    0.847210650248042    0.7453500646906105   0.7198511577354587   0.7747306885060614   0.7899627613001066   0.8257005543938134   0.8273064339824601   0.7366915406428234   0.7625822905910538   0.8367979825883017   0.6983310966633619   0.7615273267476174   
0.7621068189058617   0.0                  0.5303050901688692   0.5103428946631174   0.4923525993704595   0.48656662844910875  0.4396459269816059   0.5007621071917404   0.4522591263377649   0.44631732288847986  0.5015778302416138   0.44089933952623767  0.35729797311165695  0.4627038766380443   0.49535204098753277  0.38946316970618877  0.4375354495887999   0.5560728357032839   0.4184258776676129   0.43023311920948426  0.43068163242099067  0.4039150251262267   0.438539059799748    0.45247264970255324  0.4305734463085432   0.4394048139934709   0.4323332046184192   0.41300473004721355  0.48252603726030174  
0.8061558562490734   0.5303050901688692   0.0                  0.6235102139099145   0.5952026103648915   0.5581603755922014   0.5380935272575919   0.595436310419841    0.5273239275018474   0.5225782694695479   0.5470352705531712   0.4866399721133908   0.470022079869893    0.5670656619110482   0.5098997966667156   0.5568515215585679   0.5076813024086536   0.6388194857060109   0.5930455075595172   0.559640393392152    0.49763254862473133  0.4651091146463023   0.5076281486861158   0.5046192316251465   0.5058814320780296   0.5372793306680147   0.5197411842609294   0.513216059894223    0.5852599790029837   
0.7731107948877474   0.5103428946631174   0.6235102139099145   0.0                  0.33961157221278987  0.5013649294322352   0.4823622314365586   0.429238481336505    0.5134506287816083   0.5182471293291162   0.4221877346616473   0.45341551361909976  0.4359488806396558   0.35707461697114695  0.5563855198265714   0.4095727880709968   0.4515444429703503   0.5381061014759402   0.562098521535749    0.45282183378443974  0.41107901340684483  0.4258775592021354   0.4513923800496364   0.4601597552198667   0.4415780757038642   0.3634073608695167   0.4235047127505213   0.3697478795051716   0.46045837263562955  
0.8561596780576858   0.4923525993704595   0.5952026103648915   0.33961157221278987  0.0                  0.4281673154487334   0.4694735279117639   0.4212590596728448   0.43417080535058855  0.4820642972396377   0.3546687483605603   0.45302962896703813  0.41826952901416437  0.3428170899238643   0.510536810723209    0.3885029814315594   0.3985786637442717   0.5302965315813587   0.5841055992255081   0.5024073131395103   0.39149454969934677  0.3914053543999646   0.3964086369049254   0.4043465317920123   0.45861433115864997  0.3504172787205201   0.37222581692185736  0.4142789579043048   0.4734480293002754   
0.8541278769225639   0.48656662844910875  0.5581603755922014   0.5013649294322352   0.4281673154487334   0.0                  0.4115572072815567   0.5168743761828821   0.4507065117401898   0.5066215706752868   0.3928943296089043   0.43369483060350494  0.4354756821682492   0.4223893709459765   0.4500194800349616   0.4292221786846643   0.4163936799462444   0.5113543411468432   0.5857735926242867   0.5342512693751446   0.4497175879075266   0.4410112287176965   0.4157523049172085   0.43435828693234024  0.5012224432967294   0.4263409492890291   0.41405349104785844  0.47057222909326474  0.47191681789812545  
0.8166109653417799   0.4396459269816059   0.5380935272575919   0.4823622314365586   0.4694735279117639   0.4115572072815567   0.0                  0.5206292801554184   0.4618334351680176   0.4677878569029107   0.4082582192791457   0.405689775321469    0.41201271466553674  0.414873064465799    0.45635525873497673  0.40827090089730084  0.4143760350111531   0.5612353391058859   0.5016267754873608   0.4738450686111883   0.4347992763166775   0.41774575152431076  0.4104565141458976   0.3969588404164624   0.46401495706621054  0.4392494616126956   0.376746696916374    0.429637230376978    0.4146591680808292   
0.8146309678401142   0.5007621071917404   0.595436310419841    0.429238481336505    0.4212590596728448   0.5168743761828821   0.5206292801554184   0.0                  0.46813704411001306  0.5198683980261145   0.4523086078399016   0.48375981808299506  0.35139289010959956  0.40517603140656616  0.5592007135896598   0.41580265376377     0.45369646318951895  0.47166683236558904  0.5056010857215257   0.5143662722261281   0.4117520921657258   0.49186945554987793  0.4516712205521285   0.4148096323953774   0.3967526882957445   0.36819424883515417  0.4624291753791227   0.44208142828396235  0.4979462121666359   
0.8191368630927759   0.4522591263377649   0.5273239275018474   0.5134506287816083   0.43417080535058855  0.4507065117401898   0.4618334351680176   0.46813704411001306  0.0                  0.44412482502151984  0.41920238857003317  0.4368043457431454   0.38761698394329264  0.4581734499791602   0.47069596122960006  0.4250041477373042   0.4025936753645708   0.46959438919336327  0.5626125074012013   0.4929805626784606   0.41594099436717236  0.3863795379418661   0.40000081616068606  0.36557952080139633  0.43663609273384735  0.42340390463827815  0.42387014274193735  0.4601242539455403   0.5235880672292282   
0.7711668860640445   0.44631732288847986  0.5225782694695479   0.5182471293291162   0.4820642972396377   0.5066215706752868   0.4677878569029107   0.5198683980261145   0.44412482502151984  0.0                  0.3959113133690471   0.3583920423639195   0.37368121412543537  0.4460697704308699   0.5111715852773582   0.4147169370290912   0.40960983389624195  0.5623840855941542   0.543635688234571    0.4073634249078737   0.4342985607659916   0.37874597508156915  0.40780563375556744  0.4082409803881424   0.3820648628212019   0.42716985138551744  0.37830292290707845  0.4381932743376584   0.49941697277983155  
0.8362354467596887   0.5015778302416138   0.5470352705531712   0.4221877346616473   0.3546687483605603   0.3928943296089043   0.4082582192791457   0.4523086078399016   0.41920238857003317  0.3959113133690471   0.0                  0.33386351331642483  0.39131110371347533  0.37400541508087354  0.4441130848967081   0.3960249824456855   0.34581294845771926  0.4898570361191077   0.6087246790222375   0.4610307573098364   0.39189062371503064  0.3765974179642306   0.34470817063581993  0.35975859337599386  0.4065799738203385   0.3966117000372407   0.37780493681799676  0.4272536307999145   0.4114473953563741   
0.8038609814882312   0.44089933952623767  0.4866399721133908   0.45341551361909976  0.45302962896703813  0.43369483060350494  0.405689775321469    0.48375981808299506  0.4368043457431454   0.3583920423639195   0.33386351331642483  0.0                  0.3499593110993613   0.4009800805438635   0.4419758971624619   0.41143548917678974  0.3644888772310755   0.5092071447747849   0.5210903916128233   0.430692134024314    0.3968378307331521   0.34634182836364763  0.36534654316104365  0.37870789774042696  0.3713614540116978   0.39877830021474625  0.36097610100008     0.40244582234679943  0.4214450220487965   
0.7358654101439879   0.35729797311165695  0.470022079869893    0.4359488806396558   0.41826952901416437  0.4354756821682492   0.41201271466553674  0.35139289010959956  0.38761698394329264  0.37368121412543537  0.39131110371347533  0.3499593110993613   0.0                  0.3631775908600063   0.4506149473343049   0.33015637610140525  0.34492530229093815  0.4491959663268986   0.418518946108903    0.39433930063466915  0.3565038910426333   0.3514630535973625   0.3441666921488479   0.338112478867542    0.30400336513064474  0.3131406364837156   0.34036110923415874  0.366255936429254    0.4393565015166506   
0.8218919096921669   0.4627038766380443   0.5670656619110482   0.35707461697114695  0.3428170899238643   0.4223893709459765   0.414873064465799    0.40517603140656616  0.4581734499791602   0.4460697704308699   0.37400541508087354  0.4009800805438635   0.3631775908600063   0.0                  0.5114085635171736   0.3117180492769943   0.340767362876345    0.49176199375860197  0.48400336893001006  0.46742943327721265  0.37270682116464154  0.3623475078751177   0.3410548707521175   0.3667070085624351   0.38869617021308467  0.286077345600567    0.3001265461114122   0.3734392986399816   0.4425078587485464   
0.7866184929864461   0.49535204098753277  0.5098997966667156   0.5563855198265714   0.510536810723209    0.4500194800349616   0.45635525873497673  0.5592007135896598   0.47069596122960006  0.5111715852773582   0.4441130848967081   0.4419758971624619   0.4506149473343049   0.5114085635171736   0.0                  0.5155120661336379   0.4491449654360248   0.5702985802684725   0.6063881557111772   0.5401085106602367   0.4930965254793094   0.4524255875381006   0.4489136120174417   0.4489211073426938   0.4479272991594497   0.4884612057903138   0.472899551999725    0.4927086816584397   0.5045779768641997   
0.807791353555599    0.38946316970618877  0.5568515215585679   0.4095727880709968   0.3885029814315594   0.4292221786846643   0.40827090089730084  0.41580265376377     0.4250041477373042   0.4147169370290912   0.3960249824456855   0.41143548917678974  0.33015637610140525  0.3117180492769943   0.5155120661336379   0.0                  0.37077684097241553  0.4523983324127665   0.47812333630170556  0.4417670602937874   0.35714740295678765  0.3729599633342466   0.3670783669887519   0.38266923165147126  0.39776703065747326  0.3324460308742091   0.32941903521569527  0.3754182939781767   0.43438235773539813  
0.826201954178047    0.4375354495887999   0.5076813024086536   0.4515444429703503   0.3985786637442717   0.4163936799462444   0.4143760350111531   0.45369646318951895  0.4025936753645708   0.40960983389624195  0.34581294845771926  0.3644888772310755   0.34492530229093815  0.340767362876345    0.4491449654360248   0.37077684097241553  0.0                  0.5025458979986328   0.536103512365063    0.4786479565170392   0.3939945701369943   0.3304041617001987   0.023852875890912246 0.3637062754330894   0.38957364971626696  0.34045841540739347  0.32700489054058735  0.3949642374740541   0.4667706503883043   
0.847210650248042    0.5560728357032839   0.6388194857060109   0.5381061014759402   0.5302965315813587   0.5113543411468432   0.5612353391058859   0.47166683236558904  0.46959438919336327  0.5623840855941542   0.4898570361191077   0.5092071447747849   0.4491959663268986   0.49176199375860197  0.5702985802684725   0.4523983324127665   0.5025458979986328   0.0                  0.585791225807391    0.5260577611945109   0.4553726727949778   0.5220073387924485   0.5008477880721465   0.4673797350254665   0.49527251272572287  0.43483501811550124  0.5183322812508016   0.5111583992658355   0.5210302033214735   
0.7453500646906105   0.4184258776676129   0.5930455075595172   0.562098521535749    0.5841055992255081   0.5857735926242867   0.5016267754873608   0.5056010857215257   0.5626125074012013   0.543635688234571    0.6087246790222375   0.5210903916128233   0.418518946108903    0.48400336893001006  0.6063881557111772   0.47812333630170556  0.536103512365063    0.585791225807391    0.0                  0.5206396838033988   0.4810594643172141   0.5163949948409352   0.5369861433803271   0.5047604364705941   0.49355165453107896  0.4831394045323836   0.5059314209400959   0.4621870403640107   0.5317252337581198   
0.7198511577354587   0.43023311920948426  0.559640393392152    0.45282183378443974  0.5024073131395103   0.5342512693751446   0.4738450686111883   0.5143662722261281   0.4929805626784606   0.4073634249078737   0.4610307573098364   0.430692134024314    0.39433930063466915  0.46742943327721265  0.5401085106602367   0.4417670602937874   0.4786479565170392   0.5260577611945109   0.5206396838033988   0.0                  0.4432009796266368   0.4205423359694305   0.478586509854847    0.4749241652345534   0.4085984212937783   0.4523180902738993   0.4631478196354645   0.40384356966966645  0.48931867971956894  
0.7747306885060614   0.43068163242099067  0.49763254862473133  0.41107901340684483  0.39149454969934677  0.4497175879075266   0.4347992763166775   0.4117520921657258   0.41594099436717236  0.4342985607659916   0.39189062371503064  0.3968378307331521   0.3565038910426333   0.37270682116464154  0.4930965254793094   0.35714740295678765  0.3939945701369943   0.4553726727949778   0.4810594643172141   0.4432009796266368   0.0                  0.37014482087743805  0.3885396834420339   0.3934436187951709   0.3918359601470827   0.3367949193272497   0.3901384957942779   0.32906634749815467  0.4342205491683134   
0.7899627613001066   0.4039150251262267   0.4651091146463023   0.4258775592021354   0.3914053543999646   0.4410112287176965   0.41774575152431076  0.49186945554987793  0.3863795379418661   0.37874597508156915  0.3765974179642306   0.34634182836364763  0.3514630535973625   0.3623475078751177   0.4524255875381006   0.3729599633342466   0.3304041617001987   0.5220073387924485   0.5163949948409352   0.4205423359694305   0.37014482087743805  0.0                  0.3294404063610233   0.3609576584953345   0.39341623908737994  0.3631333607033213   0.3156090326713228   0.351149188531453    0.4820787032600783   
0.8257005543938134   0.438539059799748    0.5076281486861158   0.4513923800496364   0.3964086369049254   0.4157523049172085   0.4104565141458976   0.4516712205521285   0.40000081616068606  0.40780563375556744  0.34470817063581993  0.36534654316104365  0.3441666921488479   0.3410548707521175   0.4489136120174417   0.3670783669887519   0.023852875890912246 0.5008477880721465   0.5369861433803271   0.478586509854847    0.3885396834420339   0.3294404063610233   0.0                  0.3624815211683244   0.38929865429405414  0.33825465219763434  0.3232905662917604   0.3931050059628271   0.46345560347835824  
0.8273064339824601   0.45247264970255324  0.5046192316251465   0.4601597552198667   0.4043465317920123   0.43435828693234024  0.3969588404164624   0.4148096323953774   0.36557952080139633  0.4082409803881424   0.35975859337599386  0.37870789774042696  0.338112478867542    0.3667070085624351   0.4489211073426938   0.38266923165147126  0.3637062754330894   0.4673797350254665   0.5047604364705941   0.4749241652345534   0.3934436187951709   0.3609576584953345   0.3624815211683244   0.0                  0.392876740290018    0.38969031955584715  0.3337173123708893   0.41084747517496495  0.4635658202248621   
0.7366915406428234   0.4305734463085432   0.5058814320780296   0.4415780757038642   0.45861433115864997  0.5012224432967294   0.46401495706621054  0.3967526882957445   0.43663609273384735  0.3820648628212019   0.4065799738203385   0.3713614540116978   0.30400336513064474  0.38869617021308467  0.4479272991594497   0.39776703065747326  0.38957364971626696  0.49527251272572287  0.49355165453107896  0.4085984212937783   0.3918359601470827   0.39341623908737994  0.38929865429405414  0.392876740290018    0.0                  0.3485503757635605   0.3897202177880663   0.3851521097661615   0.46855065809267127  
0.7625822905910538   0.4394048139934709   0.5372793306680147   0.3634073608695167   0.3504172787205201   0.4263409492890291   0.4392494616126956   0.36819424883515417  0.42340390463827815  0.42716985138551744  0.3966117000372407   0.39877830021474625  0.3131406364837156   0.286077345600567    0.4884612057903138   0.3324460308742091   0.34045841540739347  0.43483501811550124  0.4831394045323836   0.4523180902738993   0.3367949193272497   0.3631333607033213   0.33825465219763434  0.38969031955584715  0.3485503757635605   0.0                  0.35049722126928984  0.3467314508821363   0.4526205314812951   
0.8367979825883017   0.4323332046184192   0.5197411842609294   0.4235047127505213   0.37222581692185736  0.41405349104785844  0.376746696916374    0.4624291753791227   0.42387014274193735  0.37830292290707845  0.37780493681799676  0.36097610100008     0.34036110923415874  0.3001265461114122   0.472899551999725    0.32941903521569527  0.32700489054058735  0.5183322812508016   0.5059314209400959   0.4631478196354645   0.3901384957942779   0.3156090326713228   0.3232905662917604   0.3337173123708893   0.3897202177880663   0.35049722126928984  0.0                  0.41360180039551725  0.4534365596734277   
0.6983310966633619   0.41300473004721355  0.513216059894223    0.3697478795051716   0.4142789579043048   0.47057222909326474  0.429637230376978    0.44208142828396235  0.4601242539455403   0.4381932743376584   0.4272536307999145   0.40244582234679943  0.366255936429254    0.3734392986399816   0.4927086816584397   0.3754182939781767   0.3949642374740541   0.5111583992658355   0.4621870403640107   0.40384356966966645  0.32906634749815467  0.351149188531453    0.3931050059628271   0.41084747517496495  0.3851521097661615   0.3467314508821363   0.41360180039551725  0.0                  0.41969468735190907  
0.7615273267476174   0.48252603726030174  0.5852599790029837   0.46045837263562955  0.4734480293002754   0.47191681789812545  0.4146591680808292   0.4979462121666359   0.5235880672292282   0.49941697277983155  0.4114473953563741   0.4214450220487965   0.4393565015166506   0.4425078587485464   0.5045779768641997   0.43438235773539813  0.4667706503883043   0.5210302033214735   0.5317252337581198   0.48931867971956894  0.4342205491683134   0.4820787032600783   0.46345560347835824  0.4635658202248621   0.46855065809267127  0.4526205314812951   0.4534365596734277   0.41969468735190907  0.0                  
