0.0                  42.817751387589524   25.682544719885886   45.35793311577061    44.11208309040762    65.53252145343912    36.44540190213093    63.442675861919184   24.389861244997437   43.54195463525633    59.052718773727534   53.1804866934667     76.10454971143827    80.8553140110354     37.39337166663062    65.55039082942535    58.25738642274828    35.56568183452983    76.57052054573147    34.37801307734493    60.47463135990849    84.65393363139948    58.23622205397319    55.706424703437534   61.86866692779627    86.91866935688206    68.5964107621297     86.02410834800573    32.18125788900206    
42.817751387589524   0.0                  33.25006023570018    31.081726008578798   29.110593546273556   41.65273256985829    27.727234208191273   39.933570201871106   30.25015374692351    27.68798260074881    38.00914713540988    32.12826965046934    45.08071389800102    53.12394740491623    29.67088215506914    36.48340954126383    33.980381486050874   29.841812844735443   49.050535938719015   25.941885279552892   35.37214089804898    54.40259344858955    34.03994993202681    33.54363553284498    36.82132087993701    57.6124827546199     41.352713045960975   57.48255221686343    29.291580115096636   
25.682544719885886   33.25006023570018    0.0                  37.7828535097627     34.249182874244426   52.79298031906784    27.75819149115791    52.22454303557433    19.442390560459106   32.95299745329092    46.538042137765444   39.9799089395029     62.49482250947804    68.39355857133268    27.225173654263795   53.65402655015302    44.777842218892715   28.514450829035656   67.02209797677276    27.98819747928275    47.37544495017494    69.78343307524909    44.76685892259689    42.33558184907688    49.61609043380405    74.1766260320915     54.90059011578523    74.12712129968453    27.0333400748112     
45.35793311577061    31.081726008578798   37.7828535097627     0.0                  20.10422807775609    40.21446437595448    29.130324389943105   34.29079012238556    34.06386676629291    31.275752644010907   31.16486171889399    30.538967971054785   46.3684326993758     44.91483799965677    32.76401649884789    35.283704240635124   32.764641399084724   30.157918534647617   54.4210345502605     27.309962573380403   32.18959960581551    52.34454179415302    32.74934965151369    31.928501418814378   35.44689158671299    51.6514120805116     38.0000689158711     52.2595171847784     28.47349429614183    
44.11208309040762    29.110593546273556   34.249182874244426   20.10422807775609    0.0                  36.87074561765489    26.759991090970544   35.00962239703592    28.95895618655223    28.31358000365443    28.19086730823149    30.73694702357907    47.13956475308612    46.4225634564042     28.771315144411304   35.47173618358595    30.280058131600615   28.009751004589198   56.85558873582258    28.253104167147907   32.15330466685468    52.611167224713334   30.147602424694817   28.934614819551946   37.44154615510421    53.37466224797092    36.617489373917614   56.488633897929766   27.136658561885852   
65.53252145343912    41.65273256985829    52.79298031906784    40.21446437595448    36.87074561765489    0.0                  40.99499251013611    41.18839176911617    50.01618800551029    41.975840827744726   31.984563690589436   36.21942292122628    41.99183700862051    42.20901486208703    41.33964241961502    36.2821494120166     34.19733519646286    43.470329465138974   56.17564050157734    46.24026261868232    36.7858313015357     47.11576652129581    34.14904047117883    35.77750949670296    41.34004284019191    46.40464053732754    36.105488463397364   51.4826887720372     44.986546406005395   
36.44540190213093    27.727234208191273   27.75819149115791    29.130324389943105   26.759991090970544   40.99499251013611    0.0                  43.86129539232213    23.916224604883787   28.495237829681347   35.281992921029016   32.08718646872659    53.01251042896004    55.69138464867317    24.968719556125894   41.675449602265736   35.5048745470036     26.434050554568362   58.11174057948227    25.372283613110376   38.87217973700066    60.52307471382242    35.298362195445755   32.718774951516565   42.06771637949652    62.91522145042995    42.80578707902921    63.748859550314855   21.809038053417044   
63.442675861919184   39.933570201871106   52.22454303557433    34.29079012238556    35.00962239703592    41.18839176911617    43.86129539232213    0.0                  49.11177221909071    40.647992265610604   34.73345502601587    37.26500095316089    33.04754278376488    39.331973383712324   44.82930642544712    33.217717829829795   34.93462766559296    40.67384990341821    46.249874461775086   43.22363605793271    31.904116519166443   49.369189894751734   34.778683982513904   31.984445244463664   31.05189401331265    41.27547945551104    37.943401531615656   47.29590513485987    44.12743082029934    
24.389861244997437   30.25015374692351    19.442390560459106   34.06386676629291    28.95895618655223    50.01618800551029    23.916224604883787   49.11177221909071    0.0                  30.43880500870978    43.226458378882846   38.62097932941624    61.18936263740717    65.93519297100859    25.624708317040046   50.29554958656199    42.20283725440403    22.46946617458956    66.17682468263656    25.088896525719328   45.725406912249724   68.62413802389023    42.12556516018017    38.71813673570122    48.30461283537507    72.20401603241656    52.654054072549435   73.36403121761464    23.904352776435854   
43.54195463525633    27.68798260074881    32.95299745329092    31.275752644010907   28.31358000365443    41.975840827744726   28.495237829681347   40.647992265610604   30.43880500870978    0.0                  30.78455067751624    25.73431014071507    44.99617509135104    51.31707675854713    30.151890829910595   37.16904176093411    31.450781334656934   30.44825825736209    55.22862842578949    24.54077967168189    34.9096473458085     52.06985480045723    31.33494429175076    29.87019184488554    33.346403385850515   56.35909264482082    37.22103055153994    57.75531201960578    29.865946648328247   
59.052718773727534   38.00914713540988    46.538042137765444   31.16486171889399    28.19086730823149    31.984563690589436   35.281992921029016   34.73345502601587    43.226458378882846   30.78455067751624    0.0                  25.392006623481866   39.13929941980287    39.81295679164018    35.85820108321793    32.622283406007824   26.413148406565934   37.303934900539545   57.28474135401145    37.362359385505314   30.487789068785737   43.567178786991555   26.32809265281402    27.261615556814604   32.27447403840203    46.380557881188835   32.55079877111636    49.51753061299723    36.84845798424099    
53.1804866934667     32.12826965046934    39.9799089395029     30.538967971054785   30.73694702357907    36.21942292122628    32.08718646872659    37.26500095316089    38.62097932941624    25.73431014071507    25.392006623481866   0.0                  39.2061797969437     44.6572146289751     32.37816860750994    35.07029149341782    27.95884807182021    33.84497958214967    52.49807450209702    32.24777106936889    31.31426658623032    45.30070357450295    28.022648736983566   28.40309233053202    30.38153335154344    49.61083409072576    33.31362798398864    51.29867653810058    33.29656807270595    
76.10454971143827    45.08071389800102    62.49482250947804    46.3684326993758     47.13956475308612    41.99183700862051    53.01251042896004    33.04754278376488    61.18936263740717    44.99617509135104    39.13929941980287    39.2061797969437     0.0                  36.56889890394855    52.89707578614108    32.7341461940984     36.3142118725806     52.57920936634422    42.552089648073775   51.54414344478037    35.69625898393993    37.61566008577934    36.26560318660366    37.115105599172146   30.802460674241974   33.27714109162194    33.71272854517144    40.220917186502426   55.69647694410856    
80.8553140110354     53.12394740491623    68.39355857133268    44.91483799965677    46.4225634564042     42.20901486208703    55.69138464867317    39.331973383712324   65.93519297100859    51.31707675854713    39.81295679164018    44.6572146289751     36.56889890394855    0.0                  58.35611437297583    32.72141407939682    38.025969687241755   57.23535877844986    49.36690639852534    57.31341585173283    38.78056526297955    38.25172990439347    38.05282761062124    41.14079845027504    39.35816926720081    30.160756783988994   31.279151614789754   40.33582119669997    58.59663844680823    
37.39337166663062    29.67088215506914    27.225173654263795   32.76401649884789    28.771315144411304   41.33964241961502    24.968719556125894   44.82930642544712    25.624708317040046   30.151890829910595   35.85820108321793    32.37816860750994    52.89707578614108    58.35611437297583    0.0                  45.46297204693077    35.874461527930315   27.590109046219236   61.46190980637639    28.67344400673295    40.501944528031316   60.01508731197852    35.855486392267096   34.00160718499948    39.89815814102252    63.503081704354535   45.611216335537364   64.58399474596396    26.45952200251228    
65.55039082942535    36.48340954126383    53.65402655015302    35.283704240635124   35.47173618358595    36.2821494120166     41.675449602265736   33.217717829829795   50.29554958656199    37.16904176093411    32.622283406007824   35.07029149341782    32.7341461940984     32.72141407939682    45.46297204693077    0.0                  31.024010130867044   41.790191253192674   46.39423160607164    42.59377956654756    29.592570470839494   41.01963412450217    30.737619238792757   32.325153705918986   33.05779508079396    38.6108716282981     28.836055936959692   43.15314079474311    44.27118839384357    
58.25738642274828    33.980381486050874   44.777842218892715   32.764641399084724   30.280058131600615   34.19733519646286    35.5048745470036     34.93462766559296    42.20283725440403    31.450781334656934   26.413148406565934   27.95884807182021    36.3142118725806     38.025969687241755   35.874461527930315   31.024010130867044   0.0                  37.35114899146777    51.96341397241951    37.977475602205686   30.8796835661343     41.08060465346545    1.8366714436002431   27.75841303121484    31.21615220788834    43.160261680419175   29.09456225337695    47.89933650645637    38.93200105266789    
35.56568183452983    29.841812844735443   28.514450829035656   30.157918534647617   28.009751004589198   43.470329465138974   26.434050554568362   40.67384990341821    22.46946617458956    30.44825825736209    37.303934900539545   33.84497958214967    52.57920936634422    57.23535877844986    27.590109046219236   41.790191253192674   37.35114899146777    0.0                  58.61595279168066    24.785666765381453   38.04550243979066    62.513495915738275   37.262751909761214   33.55248473763835    41.592992601475416   62.064438555311305   46.737651343672425   64.97969959043594    23.75930261896062    
76.57052054573147    49.050535938719015   67.02209797677276    54.4210345502605     56.85558873582258    56.17564050157734    58.11174057948227    46.249874461775086   66.17682468263656    55.22862842578949    57.28474135401145    52.49807450209702    42.552089648073775   49.36690639852534    61.46190980637639    46.39423160607164    51.96341397241951    58.61595279168066    0.0                  57.66790229540813    46.415952358281416   55.68454946661956    52.04195187836656    50.111583833163074   47.23706573857747    50.66834742997658    49.88972933573913    50.86270235641378    60.1281327821647     
34.37801307734493    25.941885279552892   27.98819747928275    27.309962573380403   28.253104167147907   46.24026261868232    25.372283613110376   43.22363605793271    25.088896525719328   24.54077967168189    37.362359385505314   32.24777106936889    51.54414344478037    57.31341585173283    28.67344400673295    42.59377956654756    37.977475602205686   24.785666765381453   57.66790229540813    0.0                  38.718986015355306   59.75363518108969    37.96725861619444    35.870919286072976   38.9131993312904     63.104051685374      45.93550229181169    61.94061380380513    24.92790577228083    
60.47463135990849    35.37214089804898    47.37544495017494    32.18959960581551    32.15330466685468    36.7858313015357     38.87217973700066    31.904116519166443   45.725406912249724   34.9096473458085     30.487789068785737   31.31426658623032    35.69625898393993    38.78056526297955    40.501944528031316   29.592570470839494   30.8796835661343     38.04550243979066    46.415952358281416   38.718986015355306   0.0                  41.99380280067305    30.457051392051707   30.804820793602474   31.418618423314328   40.98544137522317    33.472188313445734   41.2283634335299     40.15317875592236    
84.65393363139948    54.40259344858955    69.78343307524909    52.34454179415302    52.611167224713334   47.11576652129581    60.52307471382242    49.369189894751734   68.62413802389023    52.06985480045723    43.567178786991555   45.30070357450295    37.61566008577934    38.25172990439347    60.01508731197852    41.01963412450217    41.08060465346545    62.513495915738275   55.68454946661956    59.75363518108969    41.99380280067305    0.0                  41.023689630855124   44.71688637512843    42.98215254200398    38.384317495261115   35.865041014809776   39.078337176485704   64.60776809015967    
58.23622205397319    34.03994993202681    44.76685892259689    32.74934965151369    30.147602424694817   34.14904047117883    35.298362195445755   34.778683982513904   42.12556516018017    31.33494429175076    26.32809265281402    28.022648736983566   36.26560318660366    38.05282761062124    35.855486392267096   30.737619238792757   1.8366714436002431   37.262751909761214   52.04195187836656    37.96725861619444    30.457051392051707   41.023689630855124   0.0                  27.664959181633822   31.196133495831415   43.02697449504329    28.81034172116461    47.77517249996214    38.77448227477214    
55.706424703437534   33.54363553284498    42.33558184907688    31.928501418814378   28.934614819551946   35.77750949670296    32.718774951516565   31.984445244463664   38.71813673570122    29.87019184488554    27.261615556814604   28.40309233053202    37.115105599172146   41.14079845027504    34.00160718499948    32.325153705918986   27.75841303121484    33.55248473763835    50.111583833163074   35.870919286072976   30.804820793602474   44.71688637512843    27.664959181633822   0.0                  31.611672135813553   47.81900178656944    30.379301599139517   50.43049150484984    36.71582070310618    
61.86866692779627    36.82132087993701    49.61609043380405    35.44689158671299    37.44154615510421    41.34004284019191    42.06771637949652    31.05189401331265    48.30461283537507    33.346403385850515   32.27447403840203    30.38153335154344    30.802460674241974   39.35816926720081    39.89815814102252    33.05779508079396    31.21615220788834    41.592992601475416   47.23706573857747    38.9131993312904     31.418618423314328   42.98215254200398    31.196133495831415   31.611672135813553   0.0                  40.73613037718145    33.42917291193316    44.388179766532005   43.44069392201814    
86.91866935688206    57.6124827546199     74.1766260320915     51.6514120805116     53.37466224797092    46.40464053732754    62.91522145042995    41.27547945551104    72.20401603241656    56.35909264482082    46.380557881188835   49.61083409072576    33.27714109162194    30.160756783988994   63.503081704354535   38.6108716282981     43.160261680419175   62.064438555311305   50.66834742997658    63.104051685374      40.98544137522317    38.384317495261115   43.02697449504329    47.81900178656944    40.73613037718145    0.0                  39.18072019028239    37.043352742579934   65.51847447591526    
68.5964107621297     41.352713045960975   54.90059011578523    38.0000689158711     36.617489373917614   36.105488463397364   42.80578707902921    37.943401531615656   52.654054072549435   37.22103055153994    32.55079877111636    33.31362798398864    33.71272854517144    31.279151614789754   45.611216335537364   28.836055936959692   29.09456225337695    46.737651343672425   49.88972933573913    45.93550229181169    33.472188313445734   35.865041014809776   28.81034172116461    30.379301599139517   33.42917291193316    39.18072019028239    0.0                  46.28632217869341    47.48700359840558    
86.02410834800573    57.48255221686343    74.12712129968453    52.2595171847784     56.488633897929766   51.4826887720372     63.748859550314855   47.29590513485987    73.36403121761464    57.75531201960578    49.51753061299723    51.29867653810058    40.220917186502426   40.33582119669997    64.58399474596396    43.15314079474311    47.89933650645637    64.97969959043594    50.86270235641378    61.94061380380513    41.2283634335299     39.078337176485704   47.77517249996214    50.43049150484984    44.388179766532005   37.043352742579934   46.28632217869341    0.0                  65.08197678921681    
32.18125788900206    29.291580115096636   27.0333400748112     28.47349429614183    27.136658561885852   44.986546406005395   21.809038053417044   44.12743082029934    23.904352776435854   29.865946648328247   36.84845798424099    33.29656807270595    55.69647694410856    58.59663844680823    26.45952200251228    44.27118839384357    38.93200105266789    23.75930261896062    60.1281327821647     24.92790577228083    40.15317875592236    64.60776809015967    38.77448227477214    36.71582070310618    43.44069392201814    65.51847447591526    47.48700359840558    65.08197678921681    0.0                  
